Q1: 1.0
Q2: 1.0
Q3: 1.0
Q4: 1.0
R: 1.0
com1: 0.3
com2: 0.2
coulomb_friction1: 0.0
coulomb_friction2: 0.0
damping1: 0.0
damping2: 0.0
goal_pos1: 3.141592653589793
goal_pos2: 0
goal_vel1: 0
goal_vel2: 0
gravity: 9.81
inertia1: 0.05472
inertia2: 0.025200000000000004
length1: 0.3
length2: 0.2
mass1: 0.608
mass2: 0.63
najafi_evaluations: 1000
roa_beackend: najafi
torque_limit1: 0.0
torque_limit2: 5.0
