Q_init1: 1.0
Q_init2: 1.0
Q_init3: 1.0
Q_init4: 1.0
R_init: 1.0
com1: 0.20030569687105615
com2: 0.3990621374058071
coulomb_friction1: 0.0
coulomb_friction2: 0.0
damping1: 0.0
damping2: 0.0
goal_pos1: 3.141592653589793
goal_pos2: 0
goal_vel1: 0
goal_vel2: 0
gravity: 9.81
inertia1: 0.024394402296991653
inertia2: 0.03511568102695085
length1: 0.20030569687105615
length2: 0.3990621374058071
mass1: 0.608
mass2: 0.22050581498506328
maxfevals: 500
najafi_evals: 100000
optimization: lqr
par_prefactors:
- 1.0
- 1.0
- 1.0
- 1.0
- 1.0
popsize_factor: 4
roa_backend: najafi
torque_limit1: 0.0
torque_limit2: 5.0
